23
1
0
01100010110011001
10010111
011000100110001
0110001011001
10011001
1001001
1000000000000000000001111111111111111111101
1001111111
01100010110011001
10000110001
100
01
11001111
0101010101010101
1010101010101010
0101010001010101
1001100110011001010110011001010101100110011001010101
100110011001100101011001100101010110011011001010101
01100001110110000111011000011101100001110110000111011000011101100001110110000111011000011101100001110110000111011000011101100001110110000111011000011101100001110110000111011000011101100001110110000111
0110000111011000011101100001110110000111011000011101100001110110000111011000011101100001110110000111011000011101100001110110000111011000011101100001110110000111011000011101100001001100001110110000111
10001101
